0    1   ???     1.618033988749895
1    1   1   1.618033988749895
2    2   2.0     1.618033988749895
3    3   1.5     1.618033988749895
4    5   1.6666666666666667      1.618033988749895
5    8   1.6     1.618033988749895
6    13      1.625   1.618033988749895
7    21      1.6153846153846154      1.618033988749895
8    34      1.619047619047619   1.618033988749895
9    55      1.6176470588235294      1.618033988749895
10   89      1.6181818181818182      1.618033988749895
11   144     1.6179775280898876      1.618033988749895
12   233     1.6180555555555556      1.618033988749895
13   377     1.6180257510729614      1.618033988749895
14   610     1.6180371352785146      1.618033988749895
15   987     1.618032786885246   1.618033988749895
16   1597    1.618034447821682   1.618033988749895
17   2584    1.6180338134001253      1.618033988749895
18   4181    1.618034055727554   1.618033988749895
19   6765    1.6180339631667064      1.618033988749895
20   10946   1.6180339985218033      1.618033988749895
21   17711   1.618033985017358   1.618033988749895
22   28657   1.6180339901755971      1.618033988749895
23   46368   1.618033988205325   1.618033988749895
24   75025   1.618033988957902   1.618033988749895
25   121393      1.6180339886704431      1.618033988749895
26   196418      1.6180339887802426      1.618033988749895
27   317811      1.618033988738303   1.618033988749895
28   514229      1.6180339887543225      1.618033988749895
29   832040      1.6180339887482036      1.618033988749895
30   1346269     1.6180339887505408      1.618033988749895
31   2178309     1.6180339887496482      1.618033988749895
32   3524578     1.618033988749989   1.618033988749895
33   5702887     1.618033988749859   1.618033988749895
34   9227465     1.6180339887499087      1.618033988749895
35   14930352    1.6180339887498896      1.618033988749895
36   24157817    1.618033988749897   1.618033988749895
37   39088169    1.618033988749894   1.618033988749895
38   63245986    1.6180339887498951      1.618033988749895
39   102334155   1.6180339887498947      1.618033988749895
40   165580141   1.618033988749895   1.618033988749895
41   267914296   1.618033988749895   1.618033988749895
42   433494437   1.618033988749895   1.618033988749895
43   701408733   1.618033988749895   1.618033988749895
44   1134903170      1.618033988749895   1.618033988749895
45   1836311903      1.618033988749895   1.618033988749895
46   2971215073      1.618033988749895   1.618033988749895
47   4807526976      1.618033988749895   1.618033988749895
48   7778742049      1.618033988749895   1.618033988749895
49   12586269025     1.618033988749895   1.618033988749895
50   20365011074     1.618033988749895   1.618033988749895
